# How to implement PyTorch transforms

## Abstracts

* Impelement ToTensor and Normalize by C#

## Requirements

* Python 3.6 or later
* PyTorch

Please check [requirements.txt](./requirements.txt)

## How to usage?

````cmd
$ python -m pip install -r requirements.txt
````

### ToTensor

````cmd
$ python totensor.py --image pallete_blue2red.png
Arguments
	image: pallete_blue2red.png
tensor[0]
[[1.0000 0.9961 0.9922 0.9882 0.9843 0.9804 0.9765 0.9725 0.9686 0.9647 0.9608 0.9569 0.9529 0.9490 0.9451 0.9412]
 [0.9373 0.9333 0.9294 0.9255 0.9216 0.9176 0.9137 0.9098 0.9059 0.9020 0.8980 0.8941 0.8902 0.8863 0.8824 0.8784]
 [0.8745 0.8706 0.8667 0.8627 0.8588 0.8549 0.8510 0.8471 0.8431 0.8392 0.8353 0.8314 0.8275 0.8235 0.8196 0.8157]
 [0.8118 0.8078 0.8039 0.8000 0.7961 0.7922 0.7882 0.7843 0.7804 0.7765 0.7725 0.7686 0.7647 0.7608 0.7569 0.7529]
 [0.7490 0.7451 0.7412 0.7373 0.7333 0.7294 0.7255 0.7216 0.7176 0.7137 0.7098 0.7059 0.7020 0.6980 0.6941 0.6902]
 [0.6863 0.6824 0.6784 0.6745 0.6706 0.6667 0.6627 0.6588 0.6549 0.6510 0.6471 0.6431 0.6392 0.6353 0.6314 0.6275]
 [0.6235 0.6196 0.6157 0.6118 0.6078 0.6039 0.6000 0.5961 0.5922 0.5882 0.5843 0.5804 0.5765 0.5725 0.5686 0.5647]
 [0.5608 0.5569 0.5529 0.5490 0.5451 0.5412 0.5373 0.5333 0.5294 0.5255 0.5216 0.5176 0.5137 0.5098 0.5059 0.5020]
 [0.4980 0.4941 0.4902 0.4863 0.4824 0.4784 0.4745 0.4706 0.4667 0.4627 0.4588 0.4549 0.4510 0.4471 0.4431 0.4392]
 [0.4353 0.4314 0.4275 0.4235 0.4196 0.4157 0.4118 0.4078 0.4039 0.4000 0.3961 0.3922 0.3882 0.3843 0.3804 0.3765]
 [0.3725 0.3686 0.3647 0.3608 0.3569 0.3529 0.3490 0.3451 0.3412 0.3373 0.3333 0.3294 0.3255 0.3216 0.3176 0.3137]
 [0.3098 0.3059 0.3020 0.2980 0.2941 0.2902 0.2863 0.2824 0.2784 0.2745 0.2706 0.2667 0.2627 0.2588 0.2549 0.2510]
 [0.2471 0.2431 0.2392 0.2353 0.2314 0.2275 0.2235 0.2196 0.2157 0.2118 0.2078 0.2039 0.2000 0.1961 0.1922 0.1882]
 [0.1843 0.1804 0.1765 0.1725 0.1686 0.1647 0.1608 0.1569 0.1529 0.1490 0.1451 0.1412 0.1373 0.1333 0.1294 0.1255]
 [0.1216 0.1176 0.1137 0.1098 0.1059 0.1020 0.0980 0.0941 0.0902 0.0863 0.0824 0.0784 0.0745 0.0706 0.0667 0.0627]
 [0.0588 0.0549 0.0510 0.0471 0.0431 0.0392 0.0353 0.0314 0.0275 0.0235 0.0196 0.0157 0.0118 0.0078 0.0039 0.0000]]
tensor[1]
[[0.0000 0.0000 0.0000 0.0000 0.0000 0.0000 0.0000 0.0000 0.0000 0.0000 0.0000 0.0000 0.0000 0.0000 0.0000 0.0000]
 [0.0000 0.0000 0.0000 0.0000 0.0000 0.0000 0.0000 0.0000 0.0000 0.0000 0.0000 0.0000 0.0000 0.0000 0.0000 0.0000]
 [0.0000 0.0000 0.0000 0.0000 0.0000 0.0000 0.0000 0.0000 0.0000 0.0000 0.0000 0.0000 0.0000 0.0000 0.0000 0.0000]
 [0.0000 0.0000 0.0000 0.0000 0.0000 0.0000 0.0000 0.0000 0.0000 0.0000 0.0000 0.0000 0.0000 0.0000 0.0000 0.0000]
 [0.0000 0.0000 0.0000 0.0000 0.0000 0.0000 0.0000 0.0000 0.0000 0.0000 0.0000 0.0000 0.0000 0.0000 0.0000 0.0000]
 [0.0000 0.0000 0.0000 0.0000 0.0000 0.0000 0.0000 0.0000 0.0000 0.0000 0.0000 0.0000 0.0000 0.0000 0.0000 0.0000]
 [0.0000 0.0000 0.0000 0.0000 0.0000 0.0000 0.0000 0.0000 0.0000 0.0000 0.0000 0.0000 0.0000 0.0000 0.0000 0.0000]
 [0.0000 0.0000 0.0000 0.0000 0.0000 0.0000 0.0000 0.0000 0.0000 0.0000 0.0000 0.0000 0.0000 0.0000 0.0000 0.0000]
 [0.0000 0.0000 0.0000 0.0000 0.0000 0.0000 0.0000 0.0000 0.0000 0.0000 0.0000 0.0000 0.0000 0.0000 0.0000 0.0000]
 [0.0000 0.0000 0.0000 0.0000 0.0000 0.0000 0.0000 0.0000 0.0000 0.0000 0.0000 0.0000 0.0000 0.0000 0.0000 0.0000]
 [0.0000 0.0000 0.0000 0.0000 0.0000 0.0000 0.0000 0.0000 0.0000 0.0000 0.0000 0.0000 0.0000 0.0000 0.0000 0.0000]
 [0.0000 0.0000 0.0000 0.0000 0.0000 0.0000 0.0000 0.0000 0.0000 0.0000 0.0000 0.0000 0.0000 0.0000 0.0000 0.0000]
 [0.0000 0.0000 0.0000 0.0000 0.0000 0.0000 0.0000 0.0000 0.0000 0.0000 0.0000 0.0000 0.0000 0.0000 0.0000 0.0000]
 [0.0000 0.0000 0.0000 0.0000 0.0000 0.0000 0.0000 0.0000 0.0000 0.0000 0.0000 0.0000 0.0000 0.0000 0.0000 0.0000]
 [0.0000 0.0000 0.0000 0.0000 0.0000 0.0000 0.0000 0.0000 0.0000 0.0000 0.0000 0.0000 0.0000 0.0000 0.0000 0.0000]
 [0.0000 0.0000 0.0000 0.0000 0.0000 0.0000 0.0000 0.0000 0.0000 0.0000 0.0000 0.0000 0.0000 0.0000 0.0000 0.0000]]
tensor[2]
[[0.0000 0.0039 0.0078 0.0118 0.0157 0.0196 0.0235 0.0275 0.0314 0.0353 0.0392 0.0431 0.0471 0.0510 0.0549 0.0588]
 [0.0627 0.0667 0.0706 0.0745 0.0784 0.0824 0.0863 0.0902 0.0941 0.0980 0.1020 0.1059 0.1098 0.1137 0.1176 0.1216]
 [0.1255 0.1294 0.1333 0.1373 0.1412 0.1451 0.1490 0.1529 0.1569 0.1608 0.1647 0.1686 0.1725 0.1765 0.1804 0.1843]
 [0.1882 0.1922 0.1961 0.2000 0.2039 0.2078 0.2118 0.2157 0.2196 0.2235 0.2275 0.2314 0.2353 0.2392 0.2431 0.2471]
 [0.2510 0.2549 0.2588 0.2627 0.2667 0.2706 0.2745 0.2784 0.2824 0.2863 0.2902 0.2941 0.2980 0.3020 0.3059 0.3098]
 [0.3137 0.3176 0.3216 0.3255 0.3294 0.3333 0.3373 0.3412 0.3451 0.3490 0.3529 0.3569 0.3608 0.3647 0.3686 0.3725]
 [0.3765 0.3804 0.3843 0.3882 0.3922 0.3961 0.4000 0.4039 0.4078 0.4118 0.4157 0.4196 0.4235 0.4275 0.4314 0.4353]
 [0.4392 0.4431 0.4471 0.4510 0.4549 0.4588 0.4627 0.4667 0.4706 0.4745 0.4784 0.4824 0.4863 0.4902 0.4941 0.4980]
 [0.5020 0.5059 0.5098 0.5137 0.5176 0.5216 0.5255 0.5294 0.5333 0.5373 0.5412 0.5451 0.5490 0.5529 0.5569 0.5608]
 [0.5647 0.5686 0.5725 0.5765 0.5804 0.5843 0.5882 0.5922 0.5961 0.6000 0.6039 0.6078 0.6118 0.6157 0.6196 0.6235]
 [0.6275 0.6314 0.6353 0.6392 0.6431 0.6471 0.6510 0.6549 0.6588 0.6627 0.6667 0.6706 0.6745 0.6784 0.6824 0.6863]
 [0.6902 0.6941 0.6980 0.7020 0.7059 0.7098 0.7137 0.7176 0.7216 0.7255 0.7294 0.7333 0.7373 0.7412 0.7451 0.7490]
 [0.7529 0.7569 0.7608 0.7647 0.7686 0.7725 0.7765 0.7804 0.7843 0.7882 0.7922 0.7961 0.8000 0.8039 0.8078 0.8118]
 [0.8157 0.8196 0.8235 0.8275 0.8314 0.8353 0.8392 0.8431 0.8471 0.8510 0.8549 0.8588 0.8627 0.8667 0.8706 0.8745]
 [0.8784 0.8824 0.8863 0.8902 0.8941 0.8980 0.9020 0.9059 0.9098 0.9137 0.9176 0.9216 0.9255 0.9294 0.9333 0.9373]
 [0.9412 0.9451 0.9490 0.9529 0.9569 0.9608 0.9647 0.9686 0.9725 0.9765 0.9804 0.9843 0.9882 0.9922 0.9961 1.0000]]
````

ToTensor is very simple.
All elements will be from 0.0 to 1.0 by dividing 255.
And image pixels are in BGR order.

This C# program is equivalent to python code.

````cmd
$ dotnet run -c Release --project csharp\totensor\totensor.csproj -- pallete_blue2red.png
tensor[0]
[[1.0000 0.9961 0.9922 0.9882 0.9843 0.9804 0.9765 0.9725 0.9686 0.9647 0.9608 0.9569 0.9529 0.9490 0.9451 0.9412]
 [0.9373 0.9333 0.9294 0.9255 0.9216 0.9176 0.9137 0.9098 0.9059 0.9020 0.8980 0.8941 0.8902 0.8863 0.8824 0.8784]
 [0.8745 0.8706 0.8667 0.8627 0.8588 0.8549 0.8510 0.8471 0.8431 0.8392 0.8353 0.8314 0.8275 0.8235 0.8196 0.8157]
 [0.8118 0.8078 0.8039 0.8000 0.7961 0.7922 0.7882 0.7843 0.7804 0.7765 0.7725 0.7686 0.7647 0.7608 0.7569 0.7529]
 [0.7490 0.7451 0.7412 0.7373 0.7333 0.7294 0.7255 0.7216 0.7176 0.7137 0.7098 0.7059 0.7020 0.6980 0.6941 0.6902]
 [0.6863 0.6824 0.6784 0.6745 0.6706 0.6667 0.6627 0.6588 0.6549 0.6510 0.6471 0.6431 0.6392 0.6353 0.6314 0.6275]
 [0.6235 0.6196 0.6157 0.6118 0.6078 0.6039 0.6000 0.5961 0.5922 0.5882 0.5843 0.5804 0.5765 0.5725 0.5686 0.5647]
 [0.5608 0.5569 0.5529 0.5490 0.5451 0.5412 0.5373 0.5333 0.5294 0.5255 0.5216 0.5176 0.5137 0.5098 0.5059 0.5020]
 [0.4980 0.4941 0.4902 0.4863 0.4824 0.4784 0.4745 0.4706 0.4667 0.4627 0.4588 0.4549 0.4510 0.4471 0.4431 0.4392]
 [0.4353 0.4314 0.4275 0.4235 0.4196 0.4157 0.4118 0.4078 0.4039 0.4000 0.3961 0.3922 0.3882 0.3843 0.3804 0.3765]
 [0.3725 0.3686 0.3647 0.3608 0.3569 0.3529 0.3490 0.3451 0.3412 0.3373 0.3333 0.3294 0.3255 0.3216 0.3176 0.3137]
 [0.3098 0.3059 0.3020 0.2980 0.2941 0.2902 0.2863 0.2824 0.2784 0.2745 0.2706 0.2667 0.2627 0.2588 0.2549 0.2510]
 [0.2471 0.2431 0.2392 0.2353 0.2314 0.2275 0.2235 0.2196 0.2157 0.2118 0.2078 0.2039 0.2000 0.1961 0.1922 0.1882]
 [0.1843 0.1804 0.1765 0.1725 0.1686 0.1647 0.1608 0.1569 0.1529 0.1490 0.1451 0.1412 0.1373 0.1333 0.1294 0.1255]
 [0.1216 0.1176 0.1137 0.1098 0.1059 0.1020 0.0980 0.0941 0.0902 0.0863 0.0824 0.0784 0.0745 0.0706 0.0667 0.0627]
 [0.0588 0.0549 0.0510 0.0471 0.0431 0.0392 0.0353 0.0314 0.0275 0.0235 0.0196 0.0157 0.0118 0.0078 0.0039 0.0000]]
tensor[1]
[[0.0000 0.0000 0.0000 0.0000 0.0000 0.0000 0.0000 0.0000 0.0000 0.0000 0.0000 0.0000 0.0000 0.0000 0.0000 0.0000]
 [0.0000 0.0000 0.0000 0.0000 0.0000 0.0000 0.0000 0.0000 0.0000 0.0000 0.0000 0.0000 0.0000 0.0000 0.0000 0.0000]
 [0.0000 0.0000 0.0000 0.0000 0.0000 0.0000 0.0000 0.0000 0.0000 0.0000 0.0000 0.0000 0.0000 0.0000 0.0000 0.0000]
 [0.0000 0.0000 0.0000 0.0000 0.0000 0.0000 0.0000 0.0000 0.0000 0.0000 0.0000 0.0000 0.0000 0.0000 0.0000 0.0000]
 [0.0000 0.0000 0.0000 0.0000 0.0000 0.0000 0.0000 0.0000 0.0000 0.0000 0.0000 0.0000 0.0000 0.0000 0.0000 0.0000]
 [0.0000 0.0000 0.0000 0.0000 0.0000 0.0000 0.0000 0.0000 0.0000 0.0000 0.0000 0.0000 0.0000 0.0000 0.0000 0.0000]
 [0.0000 0.0000 0.0000 0.0000 0.0000 0.0000 0.0000 0.0000 0.0000 0.0000 0.0000 0.0000 0.0000 0.0000 0.0000 0.0000]
 [0.0000 0.0000 0.0000 0.0000 0.0000 0.0000 0.0000 0.0000 0.0000 0.0000 0.0000 0.0000 0.0000 0.0000 0.0000 0.0000]
 [0.0000 0.0000 0.0000 0.0000 0.0000 0.0000 0.0000 0.0000 0.0000 0.0000 0.0000 0.0000 0.0000 0.0000 0.0000 0.0000]
 [0.0000 0.0000 0.0000 0.0000 0.0000 0.0000 0.0000 0.0000 0.0000 0.0000 0.0000 0.0000 0.0000 0.0000 0.0000 0.0000]
 [0.0000 0.0000 0.0000 0.0000 0.0000 0.0000 0.0000 0.0000 0.0000 0.0000 0.0000 0.0000 0.0000 0.0000 0.0000 0.0000]
 [0.0000 0.0000 0.0000 0.0000 0.0000 0.0000 0.0000 0.0000 0.0000 0.0000 0.0000 0.0000 0.0000 0.0000 0.0000 0.0000]
 [0.0000 0.0000 0.0000 0.0000 0.0000 0.0000 0.0000 0.0000 0.0000 0.0000 0.0000 0.0000 0.0000 0.0000 0.0000 0.0000]
 [0.0000 0.0000 0.0000 0.0000 0.0000 0.0000 0.0000 0.0000 0.0000 0.0000 0.0000 0.0000 0.0000 0.0000 0.0000 0.0000]
 [0.0000 0.0000 0.0000 0.0000 0.0000 0.0000 0.0000 0.0000 0.0000 0.0000 0.0000 0.0000 0.0000 0.0000 0.0000 0.0000]
 [0.0000 0.0000 0.0000 0.0000 0.0000 0.0000 0.0000 0.0000 0.0000 0.0000 0.0000 0.0000 0.0000 0.0000 0.0000 0.0000]]
tensor[2]
[[0.0000 0.0039 0.0078 0.0118 0.0157 0.0196 0.0235 0.0275 0.0314 0.0353 0.0392 0.0431 0.0471 0.0510 0.0549 0.0588]
 [0.0627 0.0667 0.0706 0.0745 0.0784 0.0824 0.0863 0.0902 0.0941 0.0980 0.1020 0.1059 0.1098 0.1137 0.1176 0.1216]
 [0.1255 0.1294 0.1333 0.1373 0.1412 0.1451 0.1490 0.1529 0.1569 0.1608 0.1647 0.1686 0.1725 0.1765 0.1804 0.1843]
 [0.1882 0.1922 0.1961 0.2000 0.2039 0.2078 0.2118 0.2157 0.2196 0.2235 0.2275 0.2314 0.2353 0.2392 0.2431 0.2471]
 [0.2510 0.2549 0.2588 0.2627 0.2667 0.2706 0.2745 0.2784 0.2824 0.2863 0.2902 0.2941 0.2980 0.3020 0.3059 0.3098]
 [0.3137 0.3176 0.3216 0.3255 0.3294 0.3333 0.3373 0.3412 0.3451 0.3490 0.3529 0.3569 0.3608 0.3647 0.3686 0.3725]
 [0.3765 0.3804 0.3843 0.3882 0.3922 0.3961 0.4000 0.4039 0.4078 0.4118 0.4157 0.4196 0.4235 0.4275 0.4314 0.4353]
 [0.4392 0.4431 0.4471 0.4510 0.4549 0.4588 0.4627 0.4667 0.4706 0.4745 0.4784 0.4824 0.4863 0.4902 0.4941 0.4980]
 [0.5020 0.5059 0.5098 0.5137 0.5176 0.5216 0.5255 0.5294 0.5333 0.5373 0.5412 0.5451 0.5490 0.5529 0.5569 0.5608]
 [0.5647 0.5686 0.5725 0.5765 0.5804 0.5843 0.5882 0.5922 0.5961 0.6000 0.6039 0.6078 0.6118 0.6157 0.6196 0.6235]
 [0.6275 0.6314 0.6353 0.6392 0.6431 0.6471 0.6510 0.6549 0.6588 0.6627 0.6667 0.6706 0.6745 0.6784 0.6824 0.6863]
 [0.6902 0.6941 0.6980 0.7020 0.7059 0.7098 0.7137 0.7176 0.7216 0.7255 0.7294 0.7333 0.7373 0.7412 0.7451 0.7490]
 [0.7529 0.7569 0.7608 0.7647 0.7686 0.7725 0.7765 0.7804 0.7843 0.7882 0.7922 0.7961 0.8000 0.8039 0.8078 0.8118]
 [0.8157 0.8196 0.8235 0.8275 0.8314 0.8353 0.8392 0.8431 0.8471 0.8510 0.8549 0.8588 0.8627 0.8667 0.8706 0.8745]
 [0.8784 0.8824 0.8863 0.8902 0.8941 0.8980 0.9020 0.9059 0.9098 0.9137 0.9176 0.9216 0.9255 0.9294 0.9333 0.9373]
 [0.9412 0.9451 0.9490 0.9529 0.9569 0.9608 0.9647 0.9686 0.9725 0.9765 0.9804 0.9843 0.9882 0.9922 0.9961 1.0000]]
````

### Normalize

````cmd
$ python normalize.py  --image pallete_blue2red.png 
Arguments
        image: pallete_blue2red.png
tensor[0]
[[ 2.2489  2.2318  2.2147  2.1975  2.1804  2.1633  2.1462  2.1290  2.1119  2.0948  2.0777  2.0605  2.0434  2.0263  2.0092  1.9920]
 [ 1.9749  1.9578  1.9407  1.9235  1.9064  1.8893  1.8722  1.8550  1.8379  1.8208  1.8037  1.7865  1.7694  1.7523  1.7352  1.7180]
 [ 1.7009  1.6838  1.6667  1.6495  1.6324  1.6153  1.5982  1.5810  1.5639  1.5468  1.5297  1.5125  1.4954  1.4783  1.4612  1.4440]
 [ 1.4269  1.4098  1.3927  1.3755  1.3584  1.3413  1.3242  1.3070  1.2899  1.2728  1.2557  1.2385  1.2214  1.2043  1.1872  1.1700]
 [ 1.1529  1.1358  1.1187  1.1015  1.0844  1.0673  1.0502  1.0331  1.0159  0.9988  0.9817  0.9646  0.9474  0.9303  0.9132  0.8961]
 [ 0.8789  0.8618  0.8447  0.8276  0.8104  0.7933  0.7762  0.7591  0.7419  0.7248  0.7077  0.6906  0.6734  0.6563  0.6392  0.6221]
 [ 0.6049  0.5878  0.5707  0.5536  0.5364  0.5193  0.5022  0.4851  0.4679  0.4508  0.4337  0.4166  0.3994  0.3823  0.3652  0.3481]
 [ 0.3309  0.3138  0.2967  0.2796  0.2624  0.2453  0.2282  0.2111  0.1939  0.1768  0.1597  0.1426  0.1254  0.1083  0.0912  0.0741]
 [ 0.0569  0.0398  0.0227  0.0056 -0.0116 -0.0287 -0.0458 -0.0629 -0.0801 -0.0972 -0.1143 -0.1314 -0.1486 -0.1657 -0.1828 -0.1999]
 [-0.2171 -0.2342 -0.2513 -0.2684 -0.2856 -0.3027 -0.3198 -0.3369 -0.3541 -0.3712 -0.3883 -0.4054 -0.4226 -0.4397 -0.4568 -0.4739]
 [-0.4911 -0.5082 -0.5253 -0.5424 -0.5596 -0.5767 -0.5938 -0.6109 -0.6281 -0.6452 -0.6623 -0.6794 -0.6965 -0.7137 -0.7308 -0.7479]
 [-0.7650 -0.7822 -0.7993 -0.8164 -0.8335 -0.8507 -0.8678 -0.8849 -0.9020 -0.9192 -0.9363 -0.9534 -0.9705 -0.9877 -1.0048 -1.0219]
 [-1.0390 -1.0562 -1.0733 -1.0904 -1.1075 -1.1247 -1.1418 -1.1589 -1.1760 -1.1932 -1.2103 -1.2274 -1.2445 -1.2617 -1.2788 -1.2959]
 [-1.3130 -1.3302 -1.3473 -1.3644 -1.3815 -1.3987 -1.4158 -1.4329 -1.4500 -1.4672 -1.4843 -1.5014 -1.5185 -1.5357 -1.5528 -1.5699]
 [-1.5870 -1.6042 -1.6213 -1.6384 -1.6555 -1.6727 -1.6898 -1.7069 -1.7240 -1.7412 -1.7583 -1.7754 -1.7925 -1.8097 -1.8268 -1.8439]
 [-1.8610 -1.8782 -1.8953 -1.9124 -1.9295 -1.9467 -1.9638 -1.9809 -1.9980 -2.0152 -2.0323 -2.0494 -2.0665 -2.0837 -2.1008 -2.1179]]
tensor[1]
[[-2.0357 -2.0357 -2.0357 -2.0357 -2.0357 -2.0357 -2.0357 -2.0357 -2.0357 -2.0357 -2.0357 -2.0357 -2.0357 -2.0357 -2.0357 -2.0357]
 [-2.0357 -2.0357 -2.0357 -2.0357 -2.0357 -2.0357 -2.0357 -2.0357 -2.0357 -2.0357 -2.0357 -2.0357 -2.0357 -2.0357 -2.0357 -2.0357]
 [-2.0357 -2.0357 -2.0357 -2.0357 -2.0357 -2.0357 -2.0357 -2.0357 -2.0357 -2.0357 -2.0357 -2.0357 -2.0357 -2.0357 -2.0357 -2.0357]
 [-2.0357 -2.0357 -2.0357 -2.0357 -2.0357 -2.0357 -2.0357 -2.0357 -2.0357 -2.0357 -2.0357 -2.0357 -2.0357 -2.0357 -2.0357 -2.0357]
 [-2.0357 -2.0357 -2.0357 -2.0357 -2.0357 -2.0357 -2.0357 -2.0357 -2.0357 -2.0357 -2.0357 -2.0357 -2.0357 -2.0357 -2.0357 -2.0357]
 [-2.0357 -2.0357 -2.0357 -2.0357 -2.0357 -2.0357 -2.0357 -2.0357 -2.0357 -2.0357 -2.0357 -2.0357 -2.0357 -2.0357 -2.0357 -2.0357]
 [-2.0357 -2.0357 -2.0357 -2.0357 -2.0357 -2.0357 -2.0357 -2.0357 -2.0357 -2.0357 -2.0357 -2.0357 -2.0357 -2.0357 -2.0357 -2.0357]
 [-2.0357 -2.0357 -2.0357 -2.0357 -2.0357 -2.0357 -2.0357 -2.0357 -2.0357 -2.0357 -2.0357 -2.0357 -2.0357 -2.0357 -2.0357 -2.0357]
 [-2.0357 -2.0357 -2.0357 -2.0357 -2.0357 -2.0357 -2.0357 -2.0357 -2.0357 -2.0357 -2.0357 -2.0357 -2.0357 -2.0357 -2.0357 -2.0357]
 [-2.0357 -2.0357 -2.0357 -2.0357 -2.0357 -2.0357 -2.0357 -2.0357 -2.0357 -2.0357 -2.0357 -2.0357 -2.0357 -2.0357 -2.0357 -2.0357]
 [-2.0357 -2.0357 -2.0357 -2.0357 -2.0357 -2.0357 -2.0357 -2.0357 -2.0357 -2.0357 -2.0357 -2.0357 -2.0357 -2.0357 -2.0357 -2.0357]
 [-2.0357 -2.0357 -2.0357 -2.0357 -2.0357 -2.0357 -2.0357 -2.0357 -2.0357 -2.0357 -2.0357 -2.0357 -2.0357 -2.0357 -2.0357 -2.0357]
 [-2.0357 -2.0357 -2.0357 -2.0357 -2.0357 -2.0357 -2.0357 -2.0357 -2.0357 -2.0357 -2.0357 -2.0357 -2.0357 -2.0357 -2.0357 -2.0357]
 [-2.0357 -2.0357 -2.0357 -2.0357 -2.0357 -2.0357 -2.0357 -2.0357 -2.0357 -2.0357 -2.0357 -2.0357 -2.0357 -2.0357 -2.0357 -2.0357]
 [-2.0357 -2.0357 -2.0357 -2.0357 -2.0357 -2.0357 -2.0357 -2.0357 -2.0357 -2.0357 -2.0357 -2.0357 -2.0357 -2.0357 -2.0357 -2.0357]
 [-2.0357 -2.0357 -2.0357 -2.0357 -2.0357 -2.0357 -2.0357 -2.0357 -2.0357 -2.0357 -2.0357 -2.0357 -2.0357 -2.0357 -2.0357 -2.0357]]
tensor[2]
[[-1.8044 -1.7870 -1.7696 -1.7522 -1.7347 -1.7173 -1.6999 -1.6824 -1.6650 -1.6476 -1.6302 -1.6127 -1.5953 -1.5779 -1.5604 -1.5430]
 [-1.5256 -1.5081 -1.4907 -1.4733 -1.4559 -1.4384 -1.4210 -1.4036 -1.3861 -1.3687 -1.3513 -1.3339 -1.3164 -1.2990 -1.2816 -1.2641]
 [-1.2467 -1.2293 -1.2119 -1.1944 -1.1770 -1.1596 -1.1421 -1.1247 -1.1073 -1.0898 -1.0724 -1.0550 -1.0376 -1.0201 -1.0027 -0.9853]
 [-0.9678 -0.9504 -0.9330 -0.9156 -0.8981 -0.8807 -0.8633 -0.8458 -0.8284 -0.8110 -0.7936 -0.7761 -0.7587 -0.7413 -0.7238 -0.7064]
 [-0.6890 -0.6715 -0.6541 -0.6367 -0.6193 -0.6018 -0.5844 -0.5670 -0.5495 -0.5321 -0.5147 -0.4973 -0.4798 -0.4624 -0.4450 -0.4275]
 [-0.4101 -0.3927 -0.3753 -0.3578 -0.3404 -0.3230 -0.3055 -0.2881 -0.2707 -0.2532 -0.2358 -0.2184 -0.2010 -0.1835 -0.1661 -0.1487]
 [-0.1312 -0.1138 -0.0964 -0.0790 -0.0615 -0.0441 -0.0267 -0.0092  0.0082  0.0256  0.0431  0.0605  0.0779  0.0953  0.1128  0.1302]
 [ 0.1476  0.1651  0.1825  0.1999  0.2173  0.2348  0.2522  0.2696  0.2871  0.3045  0.3219  0.3393  0.3568  0.3742  0.3916  0.4091]
 [ 0.4265  0.4439  0.4614  0.4788  0.4962  0.5136  0.5311  0.5485  0.5659  0.5834  0.6008  0.6182  0.6356  0.6531  0.6705  0.6879]
 [ 0.7054  0.7228  0.7402  0.7576  0.7751  0.7925  0.8099  0.8274  0.8448  0.8622  0.8797  0.8971  0.9145  0.9319  0.9494  0.9668]
 [ 0.9842  1.0017  1.0191  1.0365  1.0539  1.0714  1.0888  1.1062  1.1237  1.1411  1.1585  1.1759  1.1934  1.2108  1.2282  1.2457]
 [ 1.2631  1.2805  1.2980  1.3154  1.3328  1.3502  1.3677  1.3851  1.4025  1.4200  1.4374  1.4548  1.4722  1.4897  1.5071  1.5245]
 [ 1.5420  1.5594  1.5768  1.5942  1.6117  1.6291  1.6465  1.6640  1.6814  1.6988  1.7163  1.7337  1.7511  1.7685  1.7860  1.8034]
 [ 1.8208  1.8383  1.8557  1.8731  1.8905  1.9080  1.9254  1.9428  1.9603  1.9777  1.9951  2.0125  2.0300  2.0474  2.0648  2.0823]
 [ 2.0997  2.1171  2.1346  2.1520  2.1694  2.1868  2.2043  2.2217  2.2391  2.2566  2.2740  2.2914  2.3088  2.3263  2.3437  2.3611]
 [ 2.3786  2.3960  2.4134  2.4308  2.4483  2.4657  2.4831  2.5006  2.5180  2.5354  2.5529  2.5703  2.5877  2.6051  2.6226  2.6400]]
 ````

Normalize is a bit difficult.
Normalizqation formula is 

````cpp
output[channel] = (input[channel] - mean[channel]) / std[channel]
````

For example, this statement is well-known parameter of Normalization.

````python
transforms.Normalize((0.485, 0.456, 0.406), (0.229, 0.224, 0.225))
````

1st argument is `mean` and 2nd argument is `std`.
`0.485` affects 1st plane of tensor , in this case Blue elements.

This C# program is equivalent to python code.

````cmd
$ dotnet run -c Release --project csharp\normalize\normalize.csproj -- pallete_blue2red.png
tensor[0]
[[2.2489 2.2318 2.2147 2.1975 2.1804 2.1633 2.1462 2.1290 2.1119 2.0948 2.0777 2.0605 2.0434 2.0263 2.0092 1.9920]
 [1.9749 1.9578 1.9407 1.9235 1.9064 1.8893 1.8722 1.8550 1.8379 1.8208 1.8037 1.7865 1.7694 1.7523 1.7352 1.7180]
 [1.7009 1.6838 1.6667 1.6495 1.6324 1.6153 1.5982 1.5810 1.5639 1.5468 1.5297 1.5125 1.4954 1.4783 1.4612 1.4440]
 [1.4269 1.4098 1.3927 1.3755 1.3584 1.3413 1.3242 1.3070 1.2899 1.2728 1.2557 1.2385 1.2214 1.2043 1.1872 1.1700]
 [1.1529 1.1358 1.1187 1.1015 1.0844 1.0673 1.0502 1.0331 1.0159 0.9988 0.9817 0.9646 0.9474 0.9303 0.9132 0.8961]
 [0.8789 0.8618 0.8447 0.8276 0.8104 0.7933 0.7762 0.7591 0.7419 0.7248 0.7077 0.6906 0.6734 0.6563 0.6392 0.6221]
 [0.6049 0.5878 0.5707 0.5536 0.5364 0.5193 0.5022 0.4851 0.4679 0.4508 0.4337 0.4166 0.3994 0.3823 0.3652 0.3481]
 [0.3309 0.3138 0.2967 0.2796 0.2624 0.2453 0.2282 0.2111 0.1939 0.1768 0.1597 0.1426 0.1254 0.1083 0.0912 0.0741]
 [0.0569 0.0398 0.0227 0.0056 -0.0116 -0.0287 -0.0458 -0.0629 -0.0801 -0.0972 -0.1143 -0.1314 -0.1486 -0.1657 -0.1828 -0.1999]
 [-0.2171 -0.2342 -0.2513 -0.2684 -0.2856 -0.3027 -0.3198 -0.3369 -0.3541 -0.3712 -0.3883 -0.4054 -0.4226 -0.4397 -0.4568 -0.4739]
 [-0.4911 -0.5082 -0.5253 -0.5424 -0.5596 -0.5767 -0.5938 -0.6109 -0.6281 -0.6452 -0.6623 -0.6794 -0.6965 -0.7137 -0.7308 -0.7479]
 [-0.7650 -0.7822 -0.7993 -0.8164 -0.8335 -0.8507 -0.8678 -0.8849 -0.9020 -0.9192 -0.9363 -0.9534 -0.9705 -0.9877 -1.0048 -1.0219]
 [-1.0390 -1.0562 -1.0733 -1.0904 -1.1075 -1.1247 -1.1418 -1.1589 -1.1760 -1.1932 -1.2103 -1.2274 -1.2445 -1.2617 -1.2788 -1.2959]
 [-1.3130 -1.3302 -1.3473 -1.3644 -1.3815 -1.3987 -1.4158 -1.4329 -1.4500 -1.4672 -1.4843 -1.5014 -1.5185 -1.5357 -1.5528 -1.5699]
 [-1.5870 -1.6042 -1.6213 -1.6384 -1.6555 -1.6727 -1.6898 -1.7069 -1.7240 -1.7412 -1.7583 -1.7754 -1.7925 -1.8097 -1.8268 -1.8439]
 [-1.8610 -1.8782 -1.8953 -1.9124 -1.9295 -1.9467 -1.9638 -1.9809 -1.9980 -2.0152 -2.0323 -2.0494 -2.0665 -2.0837 -2.1008 -2.1179]]
tensor[1]
[[-2.0357 -2.0357 -2.0357 -2.0357 -2.0357 -2.0357 -2.0357 -2.0357 -2.0357 -2.0357 -2.0357 -2.0357 -2.0357 -2.0357 -2.0357 -2.0357]
 [-2.0357 -2.0357 -2.0357 -2.0357 -2.0357 -2.0357 -2.0357 -2.0357 -2.0357 -2.0357 -2.0357 -2.0357 -2.0357 -2.0357 -2.0357 -2.0357]
 [-2.0357 -2.0357 -2.0357 -2.0357 -2.0357 -2.0357 -2.0357 -2.0357 -2.0357 -2.0357 -2.0357 -2.0357 -2.0357 -2.0357 -2.0357 -2.0357]
 [-2.0357 -2.0357 -2.0357 -2.0357 -2.0357 -2.0357 -2.0357 -2.0357 -2.0357 -2.0357 -2.0357 -2.0357 -2.0357 -2.0357 -2.0357 -2.0357]
 [-2.0357 -2.0357 -2.0357 -2.0357 -2.0357 -2.0357 -2.0357 -2.0357 -2.0357 -2.0357 -2.0357 -2.0357 -2.0357 -2.0357 -2.0357 -2.0357]
 [-2.0357 -2.0357 -2.0357 -2.0357 -2.0357 -2.0357 -2.0357 -2.0357 -2.0357 -2.0357 -2.0357 -2.0357 -2.0357 -2.0357 -2.0357 -2.0357]
 [-2.0357 -2.0357 -2.0357 -2.0357 -2.0357 -2.0357 -2.0357 -2.0357 -2.0357 -2.0357 -2.0357 -2.0357 -2.0357 -2.0357 -2.0357 -2.0357]
 [-2.0357 -2.0357 -2.0357 -2.0357 -2.0357 -2.0357 -2.0357 -2.0357 -2.0357 -2.0357 -2.0357 -2.0357 -2.0357 -2.0357 -2.0357 -2.0357]
 [-2.0357 -2.0357 -2.0357 -2.0357 -2.0357 -2.0357 -2.0357 -2.0357 -2.0357 -2.0357 -2.0357 -2.0357 -2.0357 -2.0357 -2.0357 -2.0357]
 [-2.0357 -2.0357 -2.0357 -2.0357 -2.0357 -2.0357 -2.0357 -2.0357 -2.0357 -2.0357 -2.0357 -2.0357 -2.0357 -2.0357 -2.0357 -2.0357]
 [-2.0357 -2.0357 -2.0357 -2.0357 -2.0357 -2.0357 -2.0357 -2.0357 -2.0357 -2.0357 -2.0357 -2.0357 -2.0357 -2.0357 -2.0357 -2.0357]
 [-2.0357 -2.0357 -2.0357 -2.0357 -2.0357 -2.0357 -2.0357 -2.0357 -2.0357 -2.0357 -2.0357 -2.0357 -2.0357 -2.0357 -2.0357 -2.0357]
 [-2.0357 -2.0357 -2.0357 -2.0357 -2.0357 -2.0357 -2.0357 -2.0357 -2.0357 -2.0357 -2.0357 -2.0357 -2.0357 -2.0357 -2.0357 -2.0357]
 [-2.0357 -2.0357 -2.0357 -2.0357 -2.0357 -2.0357 -2.0357 -2.0357 -2.0357 -2.0357 -2.0357 -2.0357 -2.0357 -2.0357 -2.0357 -2.0357]
 [-2.0357 -2.0357 -2.0357 -2.0357 -2.0357 -2.0357 -2.0357 -2.0357 -2.0357 -2.0357 -2.0357 -2.0357 -2.0357 -2.0357 -2.0357 -2.0357]
 [-2.0357 -2.0357 -2.0357 -2.0357 -2.0357 -2.0357 -2.0357 -2.0357 -2.0357 -2.0357 -2.0357 -2.0357 -2.0357 -2.0357 -2.0357 -2.0357]]
tensor[2]
[[-1.8044 -1.7870 -1.7696 -1.7522 -1.7347 -1.7173 -1.6999 -1.6824 -1.6650 -1.6476 -1.6302 -1.6127 -1.5953 -1.5779 -1.5604 -1.5430]
 [-1.5256 -1.5081 -1.4907 -1.4733 -1.4559 -1.4384 -1.4210 -1.4036 -1.3861 -1.3687 -1.3513 -1.3339 -1.3164 -1.2990 -1.2816 -1.2641]
 [-1.2467 -1.2293 -1.2119 -1.1944 -1.1770 -1.1596 -1.1421 -1.1247 -1.1073 -1.0898 -1.0724 -1.0550 -1.0376 -1.0201 -1.0027 -0.9853]
 [-0.9678 -0.9504 -0.9330 -0.9156 -0.8981 -0.8807 -0.8633 -0.8458 -0.8284 -0.8110 -0.7936 -0.7761 -0.7587 -0.7413 -0.7238 -0.7064]
 [-0.6890 -0.6715 -0.6541 -0.6367 -0.6193 -0.6018 -0.5844 -0.5670 -0.5495 -0.5321 -0.5147 -0.4973 -0.4798 -0.4624 -0.4450 -0.4275]
 [-0.4101 -0.3927 -0.3753 -0.3578 -0.3404 -0.3230 -0.3055 -0.2881 -0.2707 -0.2532 -0.2358 -0.2184 -0.2010 -0.1835 -0.1661 -0.1487]
 [-0.1312 -0.1138 -0.0964 -0.0790 -0.0615 -0.0441 -0.0267 -0.0092 0.0082 0.0256 0.0431 0.0605 0.0779 0.0953 0.1128 0.1302]
 [0.1476 0.1651 0.1825 0.1999 0.2173 0.2348 0.2522 0.2696 0.2871 0.3045 0.3219 0.3393 0.3568 0.3742 0.3916 0.4091]
 [0.4265 0.4439 0.4614 0.4788 0.4962 0.5136 0.5311 0.5485 0.5659 0.5834 0.6008 0.6182 0.6356 0.6531 0.6705 0.6879]
 [0.7054 0.7228 0.7402 0.7576 0.7751 0.7925 0.8099 0.8274 0.8448 0.8622 0.8797 0.8971 0.9145 0.9319 0.9494 0.9668]
 [0.9842 1.0017 1.0191 1.0365 1.0539 1.0714 1.0888 1.1062 1.1237 1.1411 1.1585 1.1759 1.1934 1.2108 1.2282 1.2457]
 [1.2631 1.2805 1.2980 1.3154 1.3328 1.3502 1.3677 1.3851 1.4025 1.4200 1.4374 1.4548 1.4722 1.4897 1.5071 1.5245]
 [1.5420 1.5594 1.5768 1.5942 1.6117 1.6291 1.6465 1.6640 1.6814 1.6988 1.7163 1.7337 1.7511 1.7685 1.7860 1.8034]
 [1.8208 1.8383 1.8557 1.8731 1.8905 1.9080 1.9254 1.9428 1.9603 1.9777 1.9951 2.0125 2.0300 2.0474 2.0648 2.0823]
 [2.0997 2.1171 2.1346 2.1520 2.1694 2.1868 2.2043 2.2217 2.2391 2.2566 2.2740 2.2914 2.3088 2.3263 2.3437 2.3611]
 [2.3786 2.3960 2.4134 2.4308 2.4483 2.4657 2.4831 2.5006 2.5180 2.5354 2.5529 2.5703 2.5877 2.6051 2.6226 2.6400]]
````